{
 "cells": [
  {
   "cell_type": "markdown",
   "metadata": {},
   "source": [
    "# C. 기술통계 (표준편차·분산·상관)\n",
    "\n",
    "작업형 1유형 연습 — 포함: T1-5, T1-13, T1-16\n",
    "\n",
    "> 데이터는 seaborn/sklearn 내장셋(titanic, tips, penguins 등)으로 대체해 연습.\n",
    "> 문제 지문은 원문 복붙 대신 **본인 말로 요약**해서 적기 (출처: dataq 체험환경 / 캐글 등)."
   ]
  },
  {
   "cell_type": "code",
   "execution_count": 1,
   "metadata": {},
   "outputs": [],
   "source": [
    "import pandas as pd\n",
    "import numpy as np\n",
    "import seaborn as sns"
   ]
  },
  {
   "cell_type": "markdown",
   "metadata": {},
   "source": [
    "## 표준편차\n",
    "\n",
    "\n",
    "**풀이 메모:** df.corr(numeric_only = True), .std()"
   ]
  },
  {
   "cell_type": "code",
   "execution_count": 9,
   "metadata": {},
   "outputs": [
    {
     "data": {
      "text/plain": [
       "survived      0.469698\n",
       "pclass        0.476076\n",
       "age           0.439228\n",
       "sibsp         0.489656\n",
       "parch         0.489623\n",
       "fare          0.461486\n",
       "adult_male    0.501094\n",
       "alone         0.536854\n",
       "dtype: float64"
      ]
     },
     "execution_count": 9,
     "metadata": {},
     "output_type": "execute_result"
    }
   ],
   "source": [
    "df = sns.load_dataset('titanic')\n",
    "\n",
    "\n",
    "# 주의 - 수치형 변수에 대해서만 계산 가능함! - 필터링 필요함.\n",
    "\n",
    "df_num = df.corr(numeric_only = True)\n",
    "\n",
    "df_num.std()\n"
   ]
  },
  {
   "cell_type": "markdown",
   "metadata": {},
   "source": [
    "## 상관관계\n",
    "\n",
    "**풀이 메모:** df.corr(numeric_only = True), df.corr()"
   ]
  },
  {
   "cell_type": "code",
   "execution_count": 13,
   "metadata": {},
   "outputs": [
    {
     "data": {
      "text/html": [
       "<div>\n",
       "<style scoped>\n",
       "    .dataframe tbody tr th:only-of-type {\n",
       "        vertical-align: middle;\n",
       "    }\n",
       "\n",
       "    .dataframe tbody tr th {\n",
       "        vertical-align: top;\n",
       "    }\n",
       "\n",
       "    .dataframe thead th {\n",
       "        text-align: right;\n",
       "    }\n",
       "</style>\n",
       "<table border=\"1\" class=\"dataframe\">\n",
       "  <thead>\n",
       "    <tr style=\"text-align: right;\">\n",
       "      <th></th>\n",
       "      <th>survived</th>\n",
       "      <th>pclass</th>\n",
       "      <th>age</th>\n",
       "      <th>sibsp</th>\n",
       "      <th>parch</th>\n",
       "      <th>fare</th>\n",
       "      <th>adult_male</th>\n",
       "      <th>alone</th>\n",
       "    </tr>\n",
       "  </thead>\n",
       "  <tbody>\n",
       "    <tr>\n",
       "      <th>survived</th>\n",
       "      <td>1.000000</td>\n",
       "      <td>-0.557294</td>\n",
       "      <td>-0.149456</td>\n",
       "      <td>0.156854</td>\n",
       "      <td>0.320839</td>\n",
       "      <td>0.560410</td>\n",
       "      <td>-0.803225</td>\n",
       "      <td>-0.448538</td>\n",
       "    </tr>\n",
       "    <tr>\n",
       "      <th>pclass</th>\n",
       "      <td>-0.557294</td>\n",
       "      <td>1.000000</td>\n",
       "      <td>-0.510222</td>\n",
       "      <td>0.064106</td>\n",
       "      <td>-0.075168</td>\n",
       "      <td>-0.822447</td>\n",
       "      <td>0.237341</td>\n",
       "      <td>0.219824</td>\n",
       "    </tr>\n",
       "    <tr>\n",
       "      <th>age</th>\n",
       "      <td>-0.149456</td>\n",
       "      <td>-0.510222</td>\n",
       "      <td>1.000000</td>\n",
       "      <td>-0.619105</td>\n",
       "      <td>-0.504997</td>\n",
       "      <td>0.086607</td>\n",
       "      <td>0.481380</td>\n",
       "      <td>0.443871</td>\n",
       "    </tr>\n",
       "    <tr>\n",
       "      <th>sibsp</th>\n",
       "      <td>0.156854</td>\n",
       "      <td>0.064106</td>\n",
       "      <td>-0.619105</td>\n",
       "      <td>1.000000</td>\n",
       "      <td>0.783354</td>\n",
       "      <td>0.307562</td>\n",
       "      <td>-0.583885</td>\n",
       "      <td>-0.872419</td>\n",
       "    </tr>\n",
       "    <tr>\n",
       "      <th>parch</th>\n",
       "      <td>0.320839</td>\n",
       "      <td>-0.075168</td>\n",
       "      <td>-0.504997</td>\n",
       "      <td>0.783354</td>\n",
       "      <td>1.000000</td>\n",
       "      <td>0.416289</td>\n",
       "      <td>-0.704850</td>\n",
       "      <td>-0.906804</td>\n",
       "    </tr>\n",
       "    <tr>\n",
       "      <th>fare</th>\n",
       "      <td>0.560410</td>\n",
       "      <td>-0.822447</td>\n",
       "      <td>0.086607</td>\n",
       "      <td>0.307562</td>\n",
       "      <td>0.416289</td>\n",
       "      <td>1.000000</td>\n",
       "      <td>-0.492920</td>\n",
       "      <td>-0.549518</td>\n",
       "    </tr>\n",
       "    <tr>\n",
       "      <th>adult_male</th>\n",
       "      <td>-0.803225</td>\n",
       "      <td>0.237341</td>\n",
       "      <td>0.481380</td>\n",
       "      <td>-0.583885</td>\n",
       "      <td>-0.704850</td>\n",
       "      <td>-0.492920</td>\n",
       "      <td>1.000000</td>\n",
       "      <td>0.736940</td>\n",
       "    </tr>\n",
       "    <tr>\n",
       "      <th>alone</th>\n",
       "      <td>-0.448538</td>\n",
       "      <td>0.219824</td>\n",
       "      <td>0.443871</td>\n",
       "      <td>-0.872419</td>\n",
       "      <td>-0.906804</td>\n",
       "      <td>-0.549518</td>\n",
       "      <td>0.736940</td>\n",
       "      <td>1.000000</td>\n",
       "    </tr>\n",
       "  </tbody>\n",
       "</table>\n",
       "</div>"
      ],
      "text/plain": [
       "            survived    pclass       age     sibsp     parch      fare  \\\n",
       "survived    1.000000 -0.557294 -0.149456  0.156854  0.320839  0.560410   \n",
       "pclass     -0.557294  1.000000 -0.510222  0.064106 -0.075168 -0.822447   \n",
       "age        -0.149456 -0.510222  1.000000 -0.619105 -0.504997  0.086607   \n",
       "sibsp       0.156854  0.064106 -0.619105  1.000000  0.783354  0.307562   \n",
       "parch       0.320839 -0.075168 -0.504997  0.783354  1.000000  0.416289   \n",
       "fare        0.560410 -0.822447  0.086607  0.307562  0.416289  1.000000   \n",
       "adult_male -0.803225  0.237341  0.481380 -0.583885 -0.704850 -0.492920   \n",
       "alone      -0.448538  0.219824  0.443871 -0.872419 -0.906804 -0.549518   \n",
       "\n",
       "            adult_male     alone  \n",
       "survived     -0.803225 -0.448538  \n",
       "pclass        0.237341  0.219824  \n",
       "age           0.481380  0.443871  \n",
       "sibsp        -0.583885 -0.872419  \n",
       "parch        -0.704850 -0.906804  \n",
       "fare         -0.492920 -0.549518  \n",
       "adult_male    1.000000  0.736940  \n",
       "alone         0.736940  1.000000  "
      ]
     },
     "execution_count": 13,
     "metadata": {},
     "output_type": "execute_result"
    }
   ],
   "source": [
    "\n",
    "df_num.corr()\n",
    "\n"
   ]
  },
  {
   "cell_type": "markdown",
   "metadata": {},
   "source": [
    "## 분산 계산\n",
    "\n",
    "\n",
    "**풀이 메모:** df.corr(numeric_only = True), df.var()"
   ]
  },
  {
   "cell_type": "code",
   "execution_count": 12,
   "metadata": {},
   "outputs": [
    {
     "data": {
      "text/plain": [
       "survived      0.220617\n",
       "pclass        0.226648\n",
       "age           0.192921\n",
       "sibsp         0.239763\n",
       "parch         0.239731\n",
       "fare          0.212970\n",
       "adult_male    0.251095\n",
       "alone         0.288213\n",
       "dtype: float64"
      ]
     },
     "execution_count": 12,
     "metadata": {},
     "output_type": "execute_result"
    }
   ],
   "source": [
    "df_num.var()"
   ]
  },
  {
   "cell_type": "code",
   "execution_count": null,
   "metadata": {},
   "outputs": [],
   "source": []
  }
 ],
 "metadata": {
  "kernelspec": {
   "display_name": "Python 3 (ipykernel)",
   "language": "python",
   "name": "python3"
  },
  "language_info": {
   "codemirror_mode": {
    "name": "ipython",
    "version": 3
   },
   "file_extension": ".py",
   "mimetype": "text/x-python",
   "name": "python",
   "nbconvert_exporter": "python",
   "pygments_lexer": "ipython3",
   "version": "3.9.6"
  }
 },
 "nbformat": 4,
 "nbformat_minor": 4
}
